696633.7896733847
632608.5319883381
617721.2679246569
760033.6042871088
653851.3517579652
609602.0965926978
678735.957375084
641547.6381394594
667930.9328336496
654074.2027661446
640772.2906384133
641274.1916310216
614036.9914593962
667448.3544296225
645280.3299286595
650124.3468785608
614774.7481447676
599081.3932230956
610506.0539023061
649744.4426623665
614328.8308542841
674645.5943807614
686172.1441967237
670656.6360988443
589162.4510719089
623774.347034254
640720.9458714639
619833.2305181697
628506.2468771068
596711.3671987406
