385741.17678676586
348724.684981257
386570.4715350663
362833.1342946967
362878.8730505144
353803.28551731136
348954.96632139344
357283.44871810527
347196.89312766225
353198.13521945116
378107.97178709094
370322.47407752956
371195.63582836534
379837.72235755797
407697.5617465543
340189.513184267
346668.5904802608
366562.11248688394
355281.8035539949
363079.19934287155
381165.187863448
360615.5456398582
361366.93101352104
379159.79609465407
342244.8093071514
370555.3428468164
384204.9108979927
359950.9446841503
369824.1210187397
367651.8953454477
