1029528.7604030948
1165696.017740343
1018655.6323408904
1094714.114501989
1142787.521336281
1068022.4716798372
1073373.5262737023
1054053.5713928947
1079415.702855828
1131637.2809732424
1093791.0686134193
1082026.7753720214
1072178.262322511
1028791.0211115265
1120385.483554342
1114915.1247762933
1080099.8296791848
1209175.0743313706
1225501.559792317
967108.357476542
1062013.7681539268
1156845.6473926178
1075805.1377997964
1032293.9644124947
1112086.6644126421
1052232.2744952932
1117282.3101320826
1011244.3784609115
1013590.3160347218
1051473.2266402326
