934.8779080735189
935.20024192305
935.591806535631
1069.205548571778
982.6645884780688
963.030367696735
968.082926852808
1002.5724298483259
1068.766502008138
964.6079828909728
928.3440577526416
941.7980459146655
860.8430274399019
1039.848031559408
881.9580938076292
971.2965018309368
922.3793538273044
1062.1886939956623
900.8099896290876
962.7574787992717
1022.5414621197247
995.2322282026505
996.4325996295117
1015.6737688853573
1006.3058611905257
985.1551644243235
888.5979917322268
977.3989337318836
959.2745857863845
1052.05558402172
