1026.364002938888
1049.0281873582305
998.7211764541992
955.0555865549112
992.3867550423871
1046.8227073583485
1027.4433517113894
1009.3043811837199
1079.3715932770817
1062.59293195053
1060.8427463021112
1002.0463964840167
805.508575877665
1073.1064601935525
918.3136776947897
968.4634913238808
1003.5924481810027
1033.215760591384
969.1737058780573
977.5885467118208
968.0202028154139
954.9938561499347
959.6222160604466
1042.3986681456727
1121.188152568802
958.4336444855346
960.1717402669747
921.5305654049312
982.4381256429455
948.9446886254931
