1144149.6177678476
1131191.4387620252
1185797.78071391
1134575.2225413823
1048716.0356141867
1201438.4898705983
1114932.162328908
1105760.650805054
1106471.5263752288
1084347.5398530362
1208803.8145355238
1145550.9393279087
1033657.6301601928
1066437.191367803
1064556.8464185775
1058225.122223147
1025545.2128367862
1068317.937616131
1163879.0282475364
1126484.9019405043
1182439.646700644
1049392.1428504428
1037543.3429820021
1085991.2641234843
1199943.1033916846
1117594.82654116
1086496.7252232446
1100227.0422525543
1107135.2185286607
1175528.354513969
