91992.19499623253
91456.83954671609
91698.60740722214
97590.60367680469
98240.76147055997
102467.4187175754
99798.35567082753
91417.86156789373
87747.6362072644
95825.72154319595
93288.56878900906
86719.24272170206
94248.79572402086
98202.6365215503
97212.25183198755
90882.95484228779
101404.76089016795
104716.51586807
92868.31202597039
93826.06068384927
90039.55138523506
94750.49534595979
94775.70054002487
95784.85152316513
96345.38631464465
87156.08877885777
86861.00716128905
101839.10696182594
89704.55171562897
101500.27726393158
