170272.29799611765
160812.52228033662
165660.82966551243
175105.75835790116
147971.7914893625
183937.0327903912
164991.58583509887
164048.43218770818
175336.30149776916
198509.21556206222
170460.86827469378
182183.83909405684
169272.12319014344
185752.84992436468
173392.34290055555
187479.34785248822
163889.61780046328
166766.83527290582
159455.68750931183
164916.4180438691
160528.9531370803
175042.4611949374
171620.24424799767
172243.1808999131
172836.00026956043
165700.8748678536
161221.9960878242
185708.44865562845
180575.57042282264
177975.47118269105
