687355.0184468977
588033.0155474102
637654.0230444471
555624.233170457
697836.9347102485
612892.8341773467
697568.5746606847
646419.1112917063
620477.3594066775
674362.4468707961
624404.5737276062
648382.9687196282
667327.9630873676
625254.1843197858
696441.1140481778
660824.4944223509
615738.176068997
594354.1537656978
644798.4666359271
610487.1422783759
606118.1432185663
627137.1207268229
601913.1668789736
632959.4019766406
633000.3811491539
593429.4371867103
695588.1392359497
683556.3188247714
668979.729055849
638675.9762642347
