378570.41663888394
354374.30967492895
341891.40689039265
380197.9166317173
398061.8145377499
375323.87350392505
351857.65554957284
365989.3178720631
373140.21878218814
344708.73498973873
366832.71638690797
377447.92803546897
365250.4600080278
330238.9501018753
354126.8462979861
373063.58099539985
351955.9637880074
365063.30986700056
343386.97920888395
365041.92180047685
357538.69742234144
336085.04246310744
338165.41635384265
389963.5344484909
341095.9141413766
387701.3067116237
383719.6531412729
378028.8429929623
390568.4808178751
382490.6850586183
