101550.75565245899
94946.62396407698
89210.37541793002
87400.3510813804
102551.17830522332
92756.58372738388
105307.0198095251
89986.13460853128
92780.64371440736
90591.86371738103
107320.63494199474
104346.12547622217
90033.80943779727
93791.14797861627
89980.30230515773
96953.24344777656
90579.64166493752
97384.6758794719
96146.66637213557
96555.964108784
96055.16360899199
99753.57038761473
85845.11538044082
91212.96503335683
101156.87241662813
105186.89393816932
91909.66539460568
100525.38391318388
90572.209085944
100235.1005067738
