508028.0244756208
521089.08970493975
534716.6687680585
542227.3223094329
531962.3276486025
522388.4226374572
530496.4201232013
515238.1426224741
540268.1014795195
511769.6659121335
509802.3551989626
553315.1469603324
537505.724415134
503144.5099586129
514475.2104004777
512138.70588772814
546896.9086609335
528642.5032114664
533279.1598137972
553845.0403990198
520653.21052399406
511082.81177697476
502524.7211062022
545120.5416486284
527740.1736097077
479206.77037095005
554793.6150223258
532499.1351094146
544736.7242778155
540822.2567236373
