72043.29421477854
70776.48391908302
77606.40692885862
78360.09958154435
74184.18620082003
78393.57602568268
74495.75090584486
72806.97657840463
75870.8914579762
78606.77131199987
73536.09606668407
83130.97492989141
72332.50519011365
85819.69331189296
79357.06599011955
78940.90339101347
76949.19131143292
77073.82778852554
81144.36528918362
79221.8465290302
79759.00102912902
76014.47245070673
81821.0845690349
78962.32432370522
78814.91427957106
79222.29172592767
77956.6309279495
72832.06047542785
86766.24585918048
77773.41681994869
