884874.6996485832
928457.3030114532
907499.5394499025
913597.7126488696
890022.6946927761
909278.85440565
943007.3440279764
898793.8678000044
889846.0520093128
927932.5451053522
868132.0639008433
928398.907763638
953383.6574463464
916472.0215434392
932447.4787685907
936193.8171118626
877275.1884964751
950021.7773756161
914720.3705099946
930762.2769417259
956282.8637992037
945157.185141186
901298.5368438133
906365.081254457
898272.1393192123
902781.6662786681
930009.2028565815
925137.5074288774
935421.3882759735
963607.6790329097
