294938.5681056266
285535.1644595652
290569.6010713377
258504.41547607112
312066.847298451
274023.0965332841
302033.5284765955
310907.9610281454
299969.71807820443
294741.6353297806
286527.35447127564
290705.05640969204
289030.555842531
294114.7599766329
298122.9700763933
295004.9698293393
296067.0360976063
296689.02950257016
297386.926433828
319691.2540047954
301608.8074837357
298749.7807091127
299018.49897154997
314838.32227757096
307288.0407882343
316552.1177701857
302010.60604968894
307330.53963505157
298279.9929113542
305511.5290629133
