149666.568919949
149502.94366368142
146122.91198093107
155843.51126795055
152904.98249745503
148098.08729923263
154345.60853149125
148807.66470984623
153584.90653683213
145220.5186722245
151290.4507835645
150892.85781024274
153154.4518522007
151502.92506944312
156412.8955308553
146446.56174880354
154857.9965516744
148121.1680434361
151361.24920211537
147825.185888488
148927.02733940046
144754.8169139203
149839.4753760443
153141.01473828664
151529.32303995494
153385.75652085838
151588.91197805144
149843.92948377144
148427.49565168057
152301.09425207332
