798.4199703771229
794.5951594814396
795.6031136796618
788.7269180076182
772.5544763467403
863.6093917901145
811.7220848061922
796.3712194901199
806.3048751860273
807.7620271856722
818.3505663028798
768.5055459641005
756.2994189206241
851.2539315915153
771.0784859241162
782.1413396665223
807.8838263055256
756.4767310709509
800.8032874410646
835.5540201031368
762.9160710711845
758.066497470714
833.2619185041194
814.0235331949209
767.5937927815061
771.1236543222915
771.7040851605378
782.0717858879086
827.2076121595691
815.7258220076824
