92795.69082288154
99033.19658146982
97776.00302742094
89962.30091854258
95009.3528000946
88505.35999905432
82775.54145114968
92743.34247112395
97445.04922859685
94179.72392193707
100031.16538177295
94122.16700306389
92406.91931050553
86584.90609614187
89415.58439383711
92496.12665777991
107099.66571017387
92720.84965473431
96926.72446017359
89926.91522383408
94414.17874082207
86692.58279608318
100598.65170135863
99709.55562077508
87578.77574253586
92013.2649135967
98382.11959454825
96797.97136487105
78933.12964616218
95093.2255511914
