978.6680734919066
931.0608328342821
1010.2146675570344
1138.786038138355
889.2299077887151
897.6036111886804
982.3125579275122
989.2131068476544
1016.6871286279029
999.334855278561
879.1746503136603
895.5178315518176
1031.5579887281758
977.7255551047577
988.6433573270327
960.0606461888539
914.9794590489511
926.9056470663711
921.7219276226423
965.4682624944285
993.2771745292839
1043.4188720152943
988.4282891304614
976.7865933912244
827.5402347720396
1006.952098296802
1014.4616358149884
925.3384958483517
977.9382441627961
923.0420375853661
