389017.15403397824
342968.40094037494
338245.9267337955
359956.7310468754
367382.63793643756
347075.6022834764
361042.58319745725
392731.3576811563
374700.37015546515
344711.0790986259
354932.6189224365
366195.9250515485
397262.3302112524
342945.5084320515
363595.6672432085
348506.7328630417
414214.4767792594
383259.3560491114
381458.7286295373
401847.7968785015
368810.04583980143
351249.5282425628
363932.729909014
363804.0800879237
402129.8638967468
377144.5841108793
367332.3592720003
350169.82814089337
375389.4426143449
372939.82273853093
