1037518.0596002996
1138077.991067524
1180347.6532896785
1112851.8830349944
1084652.0732277448
1072922.8516942284
1145452.6942070068
1223778.5809084002
1207222.4114049783
1081037.230594284
1186635.2110692146
1108012.357036096
1118233.3260227866
1132468.5787681837
1087676.264329878
1054837.0773415568
1111734.3336105202
1040647.3602387531
1129102.1348125164
1101347.334014133
1031142.9408853739
1064378.978150505
1019215.6826251392
1077618.2801948867
1118485.8692309528
1055623.1186442843
1080182.4424135706
1176583.3042873295
1074845.2221617664
1094294.0164005547
