613681.0819986325
675135.4932931646
642731.3546943632
602707.2507040777
700278.0260880128
628075.524626067
679208.4567731313
653224.5089296657
640162.8561420867
663886.4773836796
605887.5614198629
669532.4127718688
594279.8361773305
663555.1261956653
636942.0324870569
577502.8627423698
626873.7719645675
645728.7718777731
610650.8685323992
664007.6586744619
633514.6926540207
638865.8900550406
614402.5371328202
558759.2238194079
696914.2196342007
635594.6836615241
695105.2160631354
625377.4219604275
606051.0205580762
571558.882151151
