160744.44048284183
169702.92745992562
170603.63589104044
184898.0079247439
177468.73638190207
184804.82997479473
177627.652805079
175922.4364922965
166123.73954723068
152845.11136600497
173682.75643951283
175774.2316819665
156624.0544846436
170707.08936389515
173906.72423588083
176195.71801673772
164980.61437014773
183674.77961986314
165248.06515595468
181297.3416576244
178344.6225120013
172804.35315890235
162008.44017026012
167244.41196668663
165606.54554345628
187221.34338639275
168393.4472626195
171535.6115042863
172036.3937870651
175125.97239102962
