161226.25007503465
163058.1515772286
160780.41336707122
150374.86425393214
160270.6719960104
176704.3538281322
172059.51945600106
165641.62052291757
168436.81306500075
160244.9075339694
161838.3752477206
165400.60252371067
159991.66596598504
158095.65898900118
168498.48853979295
162530.10509219806
170047.0930876083
167655.9853858535
159537.77005534974
166637.03795177658
186456.8117067748
165582.60593126708
160605.4546784972
169956.92447839724
180615.7450871707
159393.33543054145
180110.82196324345
160444.1419967753
170035.20560285615
174041.06609178885
