67145.97989373052
84379.64775741285
72444.07506708927
80023.44654900719
75803.36925169558
68900.29091819948
72734.07392634904
76161.58049446404
72090.20055769925
73115.83096784969
79056.84099094757
76266.04246208431
71848.43823944779
77715.27326404833
67632.31020366044
77282.97513113655
68614.55225300752
71525.4855672275
75260.84310587897
70884.73154431581
76072.1116807086
72938.08307085486
68503.31734669242
85753.30541213685
81090.36613083856
68511.49841296063
72566.91681526617
72463.86662406445
69338.82442483409
67179.61506786295
