140478.21458603177
138820.08566052825
149832.2520986696
149547.96752105805
143682.76594974953
143638.659932451
151087.0033693335
141723.25444703558
130682.96545953794
139579.18671744017
148616.86053346275
146948.66463806492
142993.6205367152
150598.35341187692
150454.96180868364
146191.77181987872
149057.15038785816
148588.28030113998
150974.54601748532
133697.35056864764
147758.01005521422
149908.74132823807
142372.54234629023
133530.85220226803
142551.85460217498
137862.50721780295
140731.0580962639
138300.53140100723
148259.89844430878
151100.75641151625
