265575.25224688684
313577.0674263492
296696.9940413223
281810.6461263512
318949.3963709895
299826.1189058025
243483.79437434673
299436.1797268955
300316.8780187125
278669.5103924074
288726.6247579518
301707.63642929704
287161.1396118895
306209.46975615504
302885.1992723735
272831.26735410036
310901.2062203154
314386.6458127191
299722.0165703996
285951.93104637694
304284.43066031823
295717.6893534248
279524.3215016461
302424.1792288873
318378.31618906546
306097.8077059478
306466.23871383007
279689.4756296485
278704.85567931866
297034.59749757295
