541342.531002853
467943.004562056
508399.7494862388
490183.4067658338
497650.32094904006
440773.98836849624
489104.4222952463
494113.2579066343
498043.97726813314
512047.0629263157
498804.32698558946
492057.26675913256
508344.2589325932
482385.3421169019
503916.49859935377
493246.05468402896
500905.1446816115
480597.79466311826
528225.5651906969
508224.9309954675
503211.6634468418
537532.1596637075
465046.2630027
499238.64659579104
484777.36828755727
493753.2593367673
510215.15735710855
481443.1124068569
494177.47779430164
496647.16717592103
