872.9462242193937
806.4921504089712
817.1343642155789
780.2314899186043
856.9071942559989
717.3902507303096
854.4127287791841
835.2832437642076
771.2947123991667
722.210941460162
782.7539066517129
876.9125346444905
762.6661438684521
835.1460321530437
800.4800518061643
775.6279228816813
836.1783403066436
795.1878575726535
813.1720196838769
774.0397290268722
750.7394268199532
785.6014517916346
789.9970687659272
776.4385933439268
788.778210971157
817.5644887577088
795.4653817566301
808.4190926496242
793.9774767413862
814.2685034970017
