787.9543520473571
816.6936652938889
804.0416095032003
798.9834430231272
816.1740674881726
831.3905923940492
851.5551281470183
796.4824153196372
847.7556757486757
775.3509221842959
853.4414602193981
763.2144412647054
849.1403207329009
753.9018181579064
849.7280020659
853.6496367985536
799.3312852578442
834.6579013339034
809.8896008459349
852.4692014467774
822.7767882232008
863.6410914343647
800.8223140956331
805.9651581402416
762.0159290314773
712.437277245212
823.4773227131938
805.5912238544764
788.3145663906117
856.6338583997531
