878031.7957616781
879824.9910132895
820640.0850967161
832321.8466869154
835394.4049261705
870650.4294653794
861477.9825342024
783417.3496590126
870703.952102105
860173.5174285795
854814.6674258332
842626.6481482354
837761.8753204786
807025.362238448
829100.1223705321
836723.0375597877
900082.6986568439
926096.0726391914
821821.4006681315
837006.396833817
852368.0464084492
864437.7403956086
837519.3688289326
842112.2472053898
882007.775690156
897656.922467124
876985.7393023609
860956.6894512195
865781.0016357979
863948.1531351057
