370775.33139860583
350498.3272538015
373483.35278561077
337166.72755126556
371057.6275791017
369273.0150953072
375403.15451286384
344456.41484932916
379291.8853053359
379622.93203214265
360924.9671641993
365619.91383674066
352788.22332366434
345479.89169174765
384730.3850634101
331194.14460210066
349786.453831642
362551.649622883
347044.8908258245
376434.0476798671
373447.4470338716
354392.94852512586
378402.5982646892
359802.84781183157
363447.68243749696
351984.7395185816
365859.1630517803
352731.23395310395
361348.7562642251
346072.63732939167
