278651.22965082736
262620.7208094407
292017.8265421153
282848.80852950923
292614.97747707355
279979.5834375469
314667.44499253004
278698.9922802888
294725.18163545674
280917.614998237
276169.9058936406
289017.4909499704
283733.8748696244
279724.2739682339
298020.31309429323
289169.79041296465
270503.75384720374
265669.03195298475
291489.2388151221
298242.5457379601
286159.9079068215
281588.0404824272
269623.90058612457
268987.7965722962
275337.11064378824
279187.99523264053
298475.081263265
311533.4610135671
264141.5582400731
289138.75948319206
