553381.2394285124
546264.1518173845
565756.6515248459
552322.9549434588
546235.3099576235
567312.681156738
557396.4977865645
550693.0235767495
575909.5710215331
563669.865642692
539074.9065837057
525421.7815767016
560289.829827803
565907.808674301
558143.4267334724
546443.4865550216
572829.4344957728
575430.7010534535
536246.7755213841
553562.7686963369
566339.6967944993
513703.66053209634
570341.8963581489
570042.2922877787
543284.2098179618
556104.9585494894
568116.3980935935
576033.3758168394
571369.5850679679
505576.0390378582
