121533.4860176328
124803.7703169119
122794.96560736548
122175.52587914256
126502.27768625077
123933.04332473438
126829.20831530495
120052.72493728706
123973.78735461776
125064.81176923845
127079.81093801335
124536.49130653456
124089.7677050755
121366.4596955811
123571.36176238432
118331.59909558763
119128.32880021507
125504.86790732105
121487.01311277447
123974.47866514623
127506.18324010489
121234.04168933499
127488.16491469892
122651.97274590391
125136.82907488456
125574.01595160805
120938.345834579
120843.9244482649
120674.29480065762
123194.95514975881
