66902.43948099774
59610.22745944356
73303.46092140711
70073.26748830114
75038.78876218745
72001.40779672386
67186.17889944879
68657.82149145793
65061.59236142056
68281.15963933557
72396.11859951685
67578.35606812061
70660.20248824128
66552.77668465384
65501.933100373695
65537.63740735194
65114.81815235045
61150.623443517725
68613.50840261423
67774.13145575965
68558.39493824396
70071.89762477939
71159.40502480273
69797.3539635064
72670.01257369954
64143.34823037797
66630.2877807004
63438.914921475174
61652.27250492072
68981.2135479621
